<?xml version="1.0"?>
<opencv_storage>
<Camera_Matrix type_id="opencv-matrix">
  <rows>3</rows>
  <cols>3</cols>
  <dt>d</dt>
  <data>
    6.1949591290091541e+002 0. 3.1950000000000000e+002 0.
    6.1949591290091541e+002 2.3950000000000000e+002 0. 0. 1.</data></Camera_Matrix>
<distortion_coefficients type_id="opencv-matrix">
  <rows>5</rows>
  <cols>1</cols>
  <dt>d</dt>
  <data>
    1.1422477620956699e-001 -1.7116999587470685e-001 0. 0.
    -1.8243452709885696e-001</data></distortion_coefficients>
<a>-1.3566086118643098e+003</a>
<b>-7.9470890012879854e+003</b>
<c>-5.9163662394938956e+003</c>
<d>-8.4448600530474633e+006</d>
<RTvec type_id="opencv-matrix">
  <rows>4</rows>
  <cols>4</cols>
  <dt>d</dt>
  <data>
    9.6568585159904741e-001 -2.2146549790786502e-001
    1.3566086118643106e-001 2.9421356778567451e+002
    2.7420284050711188e-002 6.0637108446779830e-001
    7.9470890012879836e-001 2.4937919896327384e+002
    -2.5826142577628780e-001 -7.6371928164592484e-001
    5.9163662394938954e-001 1.0249346403798315e+003 0. 0. 0. 1.</data></RTvec>
<ia>0.</ia>
<ib>0.</ib>
<ic>-2.6056921766093168e-002</ic>
<id>-2.6056921766093168e-002</id>
</opencv_storage>
