<?xml version="1.0"?>
<opencv_storage>
<Camera_Matrix type_id="opencv-matrix">
  <rows>3</rows>
  <cols>3</cols>
  <dt>d</dt>
  <data>
    6.2294583747586910e+002 0. 3.1950000000000000e+002 0.
    6.2294583747586910e+002 2.3950000000000000e+002 0. 0. 1.</data></Camera_Matrix>
<distortion_coefficients type_id="opencv-matrix">
  <rows>5</rows>
  <cols>1</cols>
  <dt>d</dt>
  <data>
    1.7718430725884524e-001 -6.9603762436759153e-001 0. 0.
    1.4249712144227569e+000</data></distortion_coefficients>
<a>3.2838618344355076e+001</a>
<b>-9.5515657511598129e+003</b>
<c>-2.9608298374638475e+003</c>
<d>-4.8703367457958162e+006</d>
<RTvec type_id="opencv-matrix">
  <rows>4</rows>
  <cols>4</cols>
  <dt>d</dt>
  <data>
    9.9821694791198379e-001 5.9599841885160793e-002
    -3.2838618344356342e-003 -3.2665501848133864e+001
    -1.4515646051457425e-002 2.9574518260221627e-001
    9.5515657511598095e-001 2.3228452409033670e+002
    5.7898367170349796e-002 -9.5340581381426737e-001
    2.9608298374638448e-001 8.9521630641640900e+002 0. 0. 0. 1.</data></RTvec>
<ia>0.</ia>
<ib>0.</ib>
<ic>-2.5769110248380384e-002</ic>
<id>-2.5769110248380384e-002</id>
</opencv_storage>
