<?xml version="1.0"?>
<opencv_storage>
<Camera_Matrix type_id="opencv-matrix">
  <rows>3</rows>
  <cols>3</cols>
  <dt>d</dt>
  <data>
    6.2294583747586910e+002 0. 3.1950000000000000e+002 0.
    6.2294583747586910e+002 2.3950000000000000e+002 0. 0. 1.</data></Camera_Matrix>
<distortion_coefficients type_id="opencv-matrix">
  <rows>5</rows>
  <cols>1</cols>
  <dt>d</dt>
  <data>
    1.7718430725884524e-001 -6.9603762436759153e-001 0. 0.
    1.4249712144227569e+000</data></distortion_coefficients>
<a>4.8355511361868076e+002</a>
<b>-9.2256529967529914e+003</b>
<c>-3.8279891895870933e+003</c>
<d>-2.0420131774864504e+006</d>
<RTvec type_id="opencv-matrix">
  <rows>4</rows>
  <cols>4</cols>
  <dt>d</dt>
  <data>
    9.9441475351703290e-001 9.3813871621367673e-002
    -4.8355511361868143e-002 -1.0912734745440872e+002
    8.4699089180796036e-003 3.8574801163187322e-001
    9.2256529967529954e-001 -1.7464285744470175e+001
    1.0520246494535027e-001 -9.1782211185690299e-001
    3.8279891895870943e-001 5.6174754530479743e+002 0. 0. 0. 1.</data></RTvec>
<ia>0.</ia>
<ib>0.</ib>
<ic>-2.5769110248380384e-002</ic>
<id>-2.5769110248380384e-002</id>
</opencv_storage>
