<?xml version="1.0"?>
<opencv_storage>
<Camera_Matrix type_id="opencv-matrix">
  <rows>3</rows>
  <cols>3</cols>
  <dt>d</dt>
  <data>
    5.9300884624397838e+002 0. 3.1950000000000000e+002 0.
    5.9300884624397838e+002 2.3950000000000000e+002 0. 0. 1.</data></Camera_Matrix>
<distortion_coefficients type_id="opencv-matrix">
  <rows>0</rows>
  <cols>0</cols>
  <dt>u</dt>
  <data></data></distortion_coefficients>
<a>2.1874904160213674e+002</a>
<b>-8.8536536732208224e+003</b>
<c>-4.6438093728599097e+003</c>
<d>-5.2880115624789111e+006</d>
<RTvec type_id="opencv-matrix">
  <rows>4</rows>
  <cols>4</cols>
  <dt>d</dt>
  <data>
    9.9190559746022311e-001 1.2507907217060518e-001
    -2.1874904160214106e-002 -1.7030125885554344e+002
    -3.8892431266601989e-002 4.6326617093934952e-001
    8.8536536732208260e-001 1.7124266046647867e+002
    1.2087458176660078e-001 -8.7734809543768544e-001
    4.6438093728599089e-001 8.0421800629802499e+002 0. 0. 0. 1.</data></RTvec>
<ia>0.</ia>
<ib>0.</ib>
<ic>-2.8436599140225876e-002</ic>
<id>-2.8436599140225876e-002</id>
</opencv_storage>
