<?xml version="1.0"?>
<opencv_storage>
<calibration_Time>"08/29/16 13:26:43"</calibration_Time>
<nrOfFrames>25</nrOfFrames>
<image_Width>640</image_Width>
<image_Height>480</image_Height>
<board_Width>9</board_Width>
<board_Height>6</board_Height>
<square_Size>30.</square_Size>
<FixAspectRatio>1.</FixAspectRatio>
<!-- flags:  +fix_aspectRatio +fix_principal_point +zero_tangent_dist -->
<flagValue>14</flagValue>
<Camera_Matrix type_id="opencv-matrix">
  <rows>3</rows>
  <cols>3</cols>
  <dt>d</dt>
  <data>
    6.2159242516340680e+002 0. 3.1950000000000000e+002 0.
    6.2159242516340680e+002 2.3950000000000000e+002 0. 0. 1.</data></Camera_Matrix>
<Distortion_Coefficients type_id="opencv-matrix">
  <rows>5</rows>
  <cols>1</cols>
  <dt>d</dt>
  <data>
    1.2688727000903458e-001 -1.6859871748285871e-001 0. 0.
    -2.3046291343708572e-001</data></Distortion_Coefficients>
<Avg_Reprojection_Error>8.5309779678327324e-001</Avg_Reprojection_Error>
<Per_View_Reprojection_Errors type_id="opencv-matrix">
  <rows>25</rows>
  <cols>1</cols>
  <dt>f</dt>
  <data>
    5.09176373e-001 3.29705209e-001 3.12496245e-001 3.76606822e-001
    4.09978956e-001 3.08950931e-001 3.67864668e-001 6.68955982e-001
    3.86246294e-001 1.96826828e+000 8.93960416e-001 5.71884930e-001
    3.21109921e-001 3.17296237e-001 5.24393916e-001 1.04518962e+000
    1.73130858e+000 5.27633190e-001 5.56696236e-001 5.41692078e-001
    4.37482625e-001 3.90233189e-001 5.75421393e-001 2.08986378e+000
    1.04805565e+000</data></Per_View_Reprojection_Errors>
<!-- a set of 6-tuples (rotation vector + translation vector) for each view -->
<Extrinsic_Parameters type_id="opencv-matrix">
  <rows>25</rows>
  <cols>6</cols>
  <dt>d</dt>
  <data>
    -2.4808286422064052e-001 7.0019700905057525e-001
    2.8798357171401996e+000 1.6410201067448449e+002
    5.1909323432795276e+001 3.4662473221039471e+002
    -2.6921170440756265e-001 7.2400080602224770e-001
    2.8650624202954496e+000 1.5799782723345641e+002
    5.3635625421350646e+001 3.4972962569091635e+002
    -2.8032277749307355e-001 7.2426062531230617e-001
    2.8559463880840559e+000 1.5140497968054402e+002
    5.3208341280350879e+001 3.5178354294202234e+002
    -3.0743377253554277e-001 7.4414304827474720e-001
    2.8364053421299560e+000 1.4415982041405300e+002
    5.4241755979347580e+001 3.5609960753985587e+002
    -3.0624492599818892e-001 7.3538815003933888e-001
    2.8351652858124772e+000 1.3692795279927975e+002
    5.4651686280393491e+001 3.5803154970378074e+002
    -3.2066931865197634e-001 7.4220309931653383e-001
    2.8162910122519653e+000 1.3038231441486099e+002
    5.3264241248256667e+001 3.5939832513752680e+002
    -2.6483417441471635e-001 7.3341570463856487e-001
    2.8065658552667410e+000 1.2993592112669202e+002
    5.0778993345623512e+001 3.5573848801173875e+002
    -2.6096602757249243e-001 7.4082647098228260e-001
    2.7945395875086536e+000 1.2790187408101099e+002
    4.7473197490195382e+001 3.5501879960806480e+002
    -2.1431718853660306e-001 7.2203941641074176e-001
    2.8036473559014148e+000 1.2950229395462068e+002
    4.5569443907666951e+001 3.5199538830227965e+002
    -1.5473920869321214e-001 7.3576579670522846e-001
    2.8113806868473699e+000 1.4964367556524178e+002
    3.5399266645038097e+001 3.4400920775510946e+002
    2.7710546371543426e-001 6.1223390293731661e-001
    2.7394610818148211e+000 9.4095213196549238e+001
    1.4777619167492476e+001 2.7772089773759899e+002
    2.7801425482694747e-001 6.3156808982841617e-001
    2.7594954542704642e+000 9.9596189211644457e+001
    1.6282150976112039e+001 2.8198722090991606e+002
    2.9595016734383967e-001 6.4269370483419030e-001
    2.7694191922023763e+000 1.0261301520019630e+002
    1.3475408697583063e+001 2.8368222591455299e+002
    2.8909163004166410e-001 6.3590665284125691e-001
    2.7623836471324852e+000 9.8930524379719159e+001
    1.3034489930278029e+001 2.8398682581399493e+002
    2.8669175071994824e-001 6.2981633328436437e-001
    2.7617316769531142e+000 9.9595022705265706e+001
    1.3443285166347565e+001 2.8648511012572851e+002
    3.0090187247075306e-001 6.5716120397509414e-001
    2.7649049058001638e+000 9.7033326535798992e+001
    1.5858575188283021e+001 2.7367240315449988e+002
    5.7141812800187979e-002 6.6970431977005718e-001
    2.8183111598194031e+000 1.1932885098949029e+002
    3.6208727153722002e+001 2.9935260361335048e+002
    -6.7958917331557989e-001 6.0971230207421612e-001
    2.9653916380937453e+000 1.8012403235316640e+002
    9.4942753290006948e+001 3.6392726717983953e+002
    -7.4093622795455549e-001 5.8456380464589419e-001
    2.9425716896026208e+000 1.6731800460108164e+002
    8.6715833989989775e+001 3.7663559856677119e+002
    -7.9869096411884311e-001 5.7247657096418070e-001
    2.9219665992795369e+000 1.5076412753455139e+002
    8.0799314572309285e+001 3.8387876608523914e+002
    -7.8749229595288817e-001 6.0711911875008484e-001
    2.8954850048483398e+000 1.4225060141783050e+002
    7.6351739515639665e+001 3.8826381939416950e+002
    -7.8686073468103634e-001 6.3714244043500079e-001
    2.8683795804702621e+000 1.3535274995940367e+002
    6.9912885657560764e+001 3.8740304988049439e+002
    -7.4972944272791053e-001 6.2170597782089931e-001
    2.8618087636106617e+000 1.3479288284439110e+002
    6.6378720000768894e+001 3.7962706576202277e+002
    -6.3472130131694382e-001 6.2908514762803247e-001
    2.8847945448305090e+000 1.6295272979156979e+002
    5.8743316196589490e+001 3.5297157741990981e+002
    -6.3490252557932600e-002 -2.2269499992451768e-002
    3.0859581590038947e+000 1.5068176107954437e+002
    7.5584305703039050e+001 3.1201886670770062e+002</data></Extrinsic_Parameters>
