<?xml version="1.0"?>
<opencv_storage>
<calibration_Time>"08/31/16 15:12:46"</calibration_Time>
<nrOfFrames>25</nrOfFrames>
<image_Width>640</image_Width>
<image_Height>480</image_Height>
<board_Width>9</board_Width>
<board_Height>6</board_Height>
<square_Size>30.</square_Size>
<FixAspectRatio>1.</FixAspectRatio>
<!-- flags:  +fix_aspectRatio +fix_principal_point +zero_tangent_dist -->
<flagValue>14</flagValue>
<Camera_Matrix type_id="opencv-matrix">
  <rows>3</rows>
  <cols>3</cols>
  <dt>d</dt>
  <data>
    6.2294583747586910e+002 0. 3.1950000000000000e+002 0.
    6.2294583747586910e+002 2.3950000000000000e+002 0. 0. 1.</data></Camera_Matrix>
<Distortion_Coefficients type_id="opencv-matrix">
  <rows>5</rows>
  <cols>1</cols>
  <dt>d</dt>
  <data>
    1.7718430725884524e-001 -6.9603762436759153e-001 0. 0.
    1.4249712144227569e+000</data></Distortion_Coefficients>
<Avg_Reprojection_Error>5.3784419502521363e-001</Avg_Reprojection_Error>
<Per_View_Reprojection_Errors type_id="opencv-matrix">
  <rows>25</rows>
  <cols>1</cols>
  <dt>f</dt>
  <data>
    3.00701737e-001 3.36070567e-001 3.26715648e-001 3.89430970e-001
    3.55421305e-001 5.76908410e-001 6.15926266e-001 4.82861787e-001
    4.08739418e-001 3.04460019e-001 3.75812471e-001 3.11828911e-001
    3.97916079e-001 2.96587795e-001 6.64636075e-001 3.89414996e-001
    7.67654598e-001 4.64663297e-001 4.57393110e-001 3.96596968e-001
    3.37233663e-001 1.12752187e+000 1.04867506e+000 5.95426559e-001
    5.91241479e-001</data></Per_View_Reprojection_Errors>
<!-- a set of 6-tuples (rotation vector + translation vector) for each view -->
<Extrinsic_Parameters type_id="opencv-matrix">
  <rows>25</rows>
  <cols>6</cols>
  <dt>d</dt>
  <data>
    1.0066277347118933e-001 7.1221778250573142e-001
    2.9973428317820741e+000 1.5976871730199250e+002
    4.9034483142163907e+001 4.4569748916883606e+002
    1.2647182304835089e-001 7.0362749457511931e-001
    2.9992008340343355e+000 1.6176189348392003e+002
    4.9089749300019335e+001 4.4258630555284645e+002
    1.0999728005258470e-001 7.1836129346208943e-001
    2.9858863112643497e+000 1.6252767514629636e+002
    4.8069293595068487e+001 4.4306024184094593e+002
    1.0255436588167841e-001 6.9829854425377080e-001
    2.9877531431777999e+000 1.6125738534858411e+002
    3.9366777704095391e+001 4.3934600535707625e+002
    1.2576656033054018e-001 5.6313818709636376e-001
    3.0027232823866217e+000 1.7002251688243524e+002
    3.1971242483179640e+001 4.2984171766025145e+002
    1.3673779502528996e-001 4.2410557876164601e-001
    3.0101620923886259e+000 1.8515771538106429e+002
    3.3854694407473481e+001 4.0896918961287327e+002
    1.6238178737166842e-001 6.0318864325229304e-001
    3.0355188374447564e+000 1.8386925232594834e+002
    4.1291946246382892e+001 4.0311042633624112e+002
    1.4278377553620944e-001 7.3793488665539764e-001
    2.9857282269019021e+000 1.8610516638481099e+002
    4.7490584847258567e+001 4.2695658461556440e+002
    1.7419477779828046e-001 9.0610939917084854e-001
    2.9412143472265142e+000 1.8973932628475077e+002
    6.3732627081006676e+001 4.2770286076824436e+002
    1.8066974024955321e-001 1.0183249999703301e+000
    2.9247846979629166e+000 1.8458364246950097e+002
    6.8455551628874062e+001 4.2702140267490466e+002
    1.6604186716173952e-001 1.0929968455912964e+000
    2.8923309851582157e+000 1.7587020835413898e+002
    7.9375738525869622e+001 4.3453477247668172e+002
    1.6170792747892440e-001 1.2216377818739688e+000
    2.8184328847684275e+000 1.6895182729642067e+002
    8.7123260567831778e+001 4.4179663626307530e+002
    1.4947604545798754e-001 1.2808991995137757e+000
    2.7837227315410717e+000 1.7062443363910529e+002
    8.5154562002443896e+001 4.4829099032283398e+002
    1.2307052196030908e-001 1.2054862781872679e+000
    2.7968081762279620e+000 1.5725678357081776e+002
    6.1358718707909098e+001 4.3824049800613261e+002
    -1.0857009617127039e-001 1.1173041138465152e+000
    2.8302121460078840e+000 1.5682357406331286e+002
    6.2046601150928069e+001 4.2043736092129882e+002
    -2.3580343260618236e-001 9.7515705614276038e-001
    2.9199798063589211e+000 1.8738305130922572e+002
    6.4913947043805564e+001 4.0650974507733503e+002
    -6.1284970774915903e-001 7.8822875891260624e-001
    2.8674407017649250e+000 1.4434512865352343e+002
    9.8303828767625220e+001 4.2596735956496599e+002
    -6.3343020170562514e-001 7.6874320953848729e-001
    2.8792556806814349e+000 1.3556881287592560e+002
    8.8875813545117339e+001 4.4509266998592597e+002
    -6.7072371989762591e-001 7.2311919810122627e-001
    2.8668017539839576e+000 1.0857537115235439e+002
    7.9464639461725540e+001 4.5764390094042739e+002
    -6.6132878300713871e-001 7.1845063608427451e-001
    2.8461052212711500e+000 1.0033881649788606e+002
    7.0310559525401018e+001 4.5523050174376061e+002
    -5.5698016288183771e-001 7.2832402936812735e-001
    2.8288103647072340e+000 9.9896043523899692e+001
    6.4817716370097912e+001 4.4179475897391188e+002
    -3.2591348537408404e-001 6.5104355036930339e-001
    2.8736650583118748e+000 1.0979830770407186e+002
    6.4332797221808619e+001 4.0347485397238904e+002
    5.7839542835281137e-002 6.0132646683564350e-001
    2.8595456521926530e+000 1.1894423544050606e+002
    6.7827429102073552e+001 3.5651143372011245e+002
    8.2045130653047516e-001 4.8758430637444178e-001
    2.8000665463714398e+000 1.0908697349122481e+002
    2.6760533096962185e+001 2.8185018294561644e+002
    8.5600600156733053e-001 5.5694235049577301e-001
    2.7777387005604157e+000 1.0063891608540447e+002
    4.0749069833723709e+001 2.6335746679121394e+002</data></Extrinsic_Parameters>
